1.0000 0.0000 0.0000 0.0000 0.0000 0.0000 0.0000 0.0492 0.0000 0.0000 0.0000 0.0000 0.0000 0.0000 0.0000 0.0000 0.0000 0.2353 0.0000 0.0000 0.2182
0.0000 1.0000 0.0000 0.0000 0.0000 0.0000 0.0000 0.0000 0.0000 0.0000 0.0000 0.0000 0.0000 0.0000 0.0000 0.0000 0.0000 0.0000 0.0000 0.0000 0.0000
0.0000 0.0000 1.0000 0.0000 0.0000 0.0000 0.0000 0.0000 0.0000 0.0000 0.0000 0.0000 0.0000 0.0000 0.0000 0.0000 0.0000 0.0000 0.0000 0.0000 0.0000
0.0000 0.0000 0.0000 1.0000 0.0000 0.1694 0.0510 0.0000 0.0000 0.0000 0.0000 0.0000 0.0000 0.1186 0.0371 0.0000 0.0000 0.0000 0.0000 0.0000 0.0000
0.0000 0.0000 0.0000 0.0000 1.0000 0.0000 0.0000 0.0000 0.0000 0.0000 0.0000 0.0000 0.0000 0.0000 0.0000 0.0000 0.0000 0.0000 0.0000 0.0000 0.0000
0.0000 0.0000 0.0000 0.1694 0.0000 1.0000 0.2748 0.0286 0.2232 0.2697 0.1424 0.0000 0.0000 0.2443 0.2312 0.0000 0.1602 0.0000 0.0000 0.2273 0.1699
0.0000 0.0000 0.0000 0.0510 0.0000 0.2748 1.0000 0.0480 0.0627 0.0761 0.0432 0.0000 0.0000 0.2907 0.1857 0.0000 0.0543 0.0000 0.0000 0.0737 0.0517
0.0492 0.0000 0.0000 0.0000 0.0000 0.0286 0.0480 1.0000 0.0520 0.0000 0.0634 0.0000 0.0739 0.1664 0.1848 0.1117 0.0370 0.2022 0.0739 0.2066 0.1055
0.0000 0.0000 0.0000 0.0000 0.0000 0.2232 0.0627 0.0520 1.0000 0.0000 0.0000 0.0000 0.0000 0.1581 0.0518 0.0000 0.0000 0.0597 0.0000 0.0000 0.0000
0.0000 0.0000 0.0000 0.0000 0.0000 0.2697 0.0761 0.0000 0.0000 1.0000 0.0000 0.0000 0.0000 0.2148 0.0595 0.0000 0.0000 0.0000 0.0000 0.0000 0.0000
0.0000 0.0000 0.0000 0.0000 0.0000 0.1424 0.0432 0.0634 0.0000 0.0000 1.0000 0.0000 0.0000 0.1091 0.0304 0.0000 0.0000 0.0391 0.0000 0.0000 0.0000
0.0000 0.0000 0.0000 0.0000 0.0000 0.0000 0.0000 0.0000 0.0000 0.0000 0.0000 1.0000 0.0000 0.0000 0.0000 0.0000 0.0000 0.0000 0.0000 0.0000 0.0000
0.0000 0.0000 0.0000 0.0000 0.0000 0.0000 0.0000 0.0739 0.0000 0.0000 0.0000 0.0000 1.0000 0.0000 0.0000 0.0000 0.0000 0.1010 0.0000 0.0000 0.0000
0.0000 0.0000 0.0000 0.1186 0.0000 0.2443 0.2907 0.1664 0.1581 0.2148 0.1091 0.0000 0.0000 1.0000 0.2803 0.0000 0.1291 0.0000 0.0000 0.2894 0.1543
0.0000 0.0000 0.0000 0.0371 0.0000 0.2312 0.1857 0.1848 0.0518 0.0595 0.0304 0.0000 0.0000 0.2803 1.0000 0.0000 0.0375 0.0560 0.0000 0.2090 0.0748
0.0000 0.0000 0.0000 0.0000 0.0000 0.0000 0.0000 0.1117 0.0000 0.0000 0.0000 0.0000 0.0000 0.0000 0.0000 1.0000 0.0000 0.0830 0.0000 0.0000 0.0000
0.0000 0.0000 0.0000 0.0000 0.0000 0.1602 0.0543 0.0370 0.0000 0.0000 0.0000 0.0000 0.0000 0.1291 0.0375 0.0000 1.0000 0.0000 0.0000 0.0000 0.0000
0.2353 0.0000 0.0000 0.0000 0.0000 0.0000 0.0000 0.2022 0.0597 0.0000 0.0391 0.0000 0.1010 0.0000 0.0560 0.0830 0.0000 1.0000 0.0000 0.0000 0.2176
0.0000 0.0000 0.0000 0.0000 0.0000 0.0000 0.0000 0.0739 0.0000 0.0000 0.0000 0.0000 0.0000 0.0000 0.0000 0.0000 0.0000 0.0000 1.0000 0.0000 0.0000
0.0000 0.0000 0.0000 0.0000 0.0000 0.2273 0.0737 0.2066 0.0000 0.0000 0.0000 0.0000 0.0000 0.2894 0.2090 0.0000 0.0000 0.0000 0.0000 1.0000 0.0650
0.2182 0.0000 0.0000 0.0000 0.0000 0.1699 0.0517 0.1055 0.0000 0.0000 0.0000 0.0000 0.0000 0.1543 0.0748 0.0000 0.0000 0.2176 0.0000 0.0650 1.0000